-10.176,3.6342,14.036
-10.074,3.5382,13.922
-9.9137,3.3802,13.796
-9.7069,3.2122,13.624
-9.4527,2.9942,13.465
-9.1781,2.7202,13.318
-8.8815,2.4472,13.165
-8.5629,2.1292,13.057
-8.2391,1.8312,12.957
-7.9083,1.4872,12.924
-7.5963,1.1652,12.912
-7.2963,0.83122,12.948
-7.0342,0.49122,13.013
-6.7721,0.15322,13.125
-6.5292,-0.19178,13.281
-6.3059,-0.53878,13.455
-6.1076,-0.89178,13.644
-5.9075,-1.2518,13.854
-5.7116,-1.6198,14.067
-5.5274,-1.9938,14.283
-5.3326,-2.3778,14.493
-5.1272,-2.7698,14.694
-4.9102,-3.1648,14.882
-4.6684,-3.5628,15.049
-4.4219,-3.9888,15.206
-4.121,-4.3838,15.334
-3.7897,-4.7788,15.426
-3.4111,-5.1658,15.488
-2.991,-5.5418,15.516
-2.5249,-5.9058,15.51
-2.0076,-6.2598,15.467
-1.443,-6.5928,15.383
-0.82453,-6.9168,15.26
-0.15703,-7.2168,15.086
0.56467,-7.5118,14.87
1.3224,-7.7948,14.617
2.1261,-8.0588,14.308
2.9741,-8.3298,13.961
3.8596,-8.5898,13.565
4.7825,-8.8548,13.127
5.7429,-9.1248,12.646
6.7447,-9.4068,12.123
7.7891,-9.7038,11.559
8.8756,-10.019,10.955
10.015,-10.36,10.313
11.204,-10.728,9.6358
12.45,-11.127,8.9238
13.747,-11.555,8.1818
15.103,-12.019,7.4128
16.507,-12.515,6.6198
17.95,-13.039,5.8158
19.425,-13.593,5.0018
20.92,-14.172,4.1888
22.423,-14.772,3.3818
23.919,-15.388,2.5938
25.399,-16.015,1.8268
26.852,-16.65,1.0888
28.27,-17.288,0.38179
29.649,-17.925,-0.29521
30.987,-18.56,-0.94121
32.288,-19.189,-1.5612
33.55,-19.81,-2.1632
34.785,-20.425,-2.7522
35.993,-21.029,-3.3407
37.186,-21.627,-3.9362
38.368,-22.217,-4.549
39.544,-22.799,-5.1898
40.719,-23.375,-5.8667
41.895,-23.947,-6.5842
43.072,-24.513,-7.3483
44.247,-25.075,-8.1603
45.418,-25.636,-9.0189
46.579,-26.194,-9.9188
47.724,-26.746,-10.856
48.848,-27.296,-11.824
49.967,-27.842,-12.843
50.962,-28.351,-13.792
51.97,-28.88,-14.775
52.933,-29.415,-15.753
53.84,-29.956,-16.707
54.696,-30.592,-17.646
55.432,-31.108,-18.481
56.167,-31.662,-19.336
56.856,-32.239,-20.164
57.499,-32.841,-20.959
58.1,-33.469,-21.724
58.667,-34.129,-22.46
59.205,-34.823,-23.17
59.719,-35.551,-23.856
60.213,-36.314,-24.516
60.689,-37.107,-25.149
61.146,-37.925,-25.752
61.584,-38.76,-26.318
61.998,-39.605,-26.84
62.385,-40.449,-27.313
62.739,-41.283,-27.729
63.055,-42.097,-28.081
63.44,-42.841,-28.512
63.583,-43.583,-28.651
63.658,-44.274,-28.751
63.814,-44.941,-28.827
64.006,-45.521,-28.934
63.979,-46.117,-28.818
63.912,-46.674,-28.677
63.912,-47.213,-28.531
63.935,-47.692,-28.402
63.801,-48.227,-28.174
63.788,-48.728,-27.97
63.801,-49.221,-27.8
63.823,-49.728,-27.644
63.841,-50.268,-27.517
63.964,-50.8,-27.434
64.099,-51.334,-27.409
64.274,-51.91,-27.441
64.544,-52.494,-27.523
64.818,-53.076,-27.675
65.159,-53.681,-27.889
65.542,-54.292,-28.164
65.965,-54.907,-28.494
66.423,-55.527,-28.871
66.924,-56.141,-29.295
67.45,-56.753,-29.745
68.001,-57.356,-30.214
68.574,-57.933,-30.69
69.161,-58.487,-31.155
69.762,-59.009,-31.605
70.371,-59.491,-32.017
70.978,-59.929,-32.386
71.586,-60.317,-32.698
72.203,-60.649,-32.934
72.781,-60.94,-33.128
73.367,-61.176,-33.235
73.936,-61.357,-33.266
74.485,-61.481,-33.224
75.012,-61.549,-33.107
75.513,-61.559,-32.918
75.985,-61.508,-32.655
76.423,-61.392,-32.32
76.822,-61.207,-31.912
77.178,-60.947,-31.426
77.488,-60.609,-30.862
77.739,-60.185,-30.212
77.947,-59.684,-29.48
78.074,-59.08,-28.648
78.128,-58.386,-27.718
78.149,-57.65,-26.671
78.067,-56.793,-25.553
77.908,-55.85,-24.31
77.637,-54.821,-22.96
77.307,-53.739,-21.486
76.841,-52.549,-19.92
76.349,-51.344,-18.268
75.657,-50.02,-16.44
74.87,-48.596,-14.544
73.912,-47.122,-12.516
72.929,-45.63,-10.447
71.712,-44.056,-8.1981
70.352,-42.472,-5.8779
68.839,-40.794,-3.5204
67.19,-39.132,-1.0892
65.404,-37.427,1.3218
63.459,-35.753,3.7598
61.468,-34.147,6.1658
59.425,-32.566,8.4658
57.243,-31.071,10.755
55.142,-29.621,12.85
52.95,-28.285,14.891
50.887,-27.001,16.708
48.791,-25.821,18.434
46.843,-24.682,19.938
44.881,-23.623,21.345
43.034,-22.614,22.587
41.209,-21.618,23.68
39.448,-20.672,24.671
37.681,-19.724,25.543
35.949,-18.801,26.327
34.165,-17.877,27.04
32.365,-16.965,27.685
30.546,-16.055,28.262
28.712,-15.168,28.783
26.867,-14.296,29.245
25.025,-13.452,29.653
23.202,-12.64,30.003
21.394,-11.873,30.277
19.667,-11.144,30.505
18.002,-10.466,30.675
16.419,-9.8318,30.78
14.913,-9.2528,30.831
13.499,-8.7118,30.816
12.168,-8.2078,30.743
10.914,-7.7508,30.625
9.7366,-7.3268,30.454
8.6266,-6.9348,30.24
7.581,-6.5728,29.985
6.5988,-6.2378,29.693
5.6822,-5.9308,29.366
4.8339,-5.6498,29.006
4.0602,-5.3948,28.617
3.3672,-5.1678,28.199
2.7655,-4.9688,27.755
2.2567,-4.7978,27.289
1.8467,-4.6548,26.804
1.5372,-4.5388,26.303
1.3272,-4.4488,25.789
1.2125,-4.3818,25.266
1.2032,-4.3358,24.744
1.257,-4.3028,24.208
1.3614,-4.2788,23.664
1.5407,-4.2648,23.124
1.7653,-4.2528,22.586
2.022,-4.2388,22.048
2.3005,-4.2188,21.511
2.5902,-4.1938,20.976
2.8798,-4.1598,20.446
3.16,-4.1168,19.921
3.4272,-4.0648,19.399
3.6736,-4.0058,18.887
3.8895,-3.9368,18.381
4.0769,-3.8608,17.886
4.2371,-3.7778,17.399
4.3645,-3.6848,16.925
4.4572,-3.5858,16.464
4.5126,-3.4718,16.02
4.5288,-3.3428,15.592
4.5011,-3.1978,15.184
4.4224,-3.0268,14.796
4.2871,-2.8378,14.433
4.0864,-2.6198,14.097
3.8089,-2.3768,13.795
3.4498,-2.0978,13.522
2.9986,-1.7998,13.292
2.4545,-1.4698,13.099
1.811,-1.1228,12.954
1.0709,-0.75678,12.853
0.24017,-0.36778,12.788
-0.67923,0.025222,12.769
-1.6764,0.41522,12.794
-2.7431,0.81022,12.85
-3.8721,1.1942,12.947
-5.0454,1.5722,13.062
-6.2535,1.9332,13.204
-7.4797,2.2952,13.394
-8.7345,2.6212,13.575
-9.9988,2.9272,13.772
-11.265,3.2132,13.994
-12.524,3.4792,14.233
-13.774,3.7282,14.492
-15.009,3.9632,14.771
-16.232,4.1832,15.07
-17.436,4.3912,15.384
-18.627,4.5852,15.72
-19.802,4.7722,16.067
-20.969,4.9502,16.424
-22.132,5.1182,16.794
-23.281,5.2522,17.167
-24.449,5.4172,17.547
-25.676,5.5592,17.921
-26.918,5.7282,18.289
-28.242,5.8942,18.639
-29.616,6.1012,18.971
-31.104,6.3302,19.271
-32.728,6.6252,19.549
-34.435,6.9712,19.771
-36.293,7.3842,19.949
-38.319,7.8762,20.075
-40.518,8.4552,20.133
-42.905,9.1252,20.125
-45.494,9.8852,20.04
-48.29,10.737,19.871
-51.291,11.673,19.609
-54.492,12.684,19.243
-57.889,13.76,18.763
-61.457,14.884,18.161
-65.175,16.04,17.426
-69.011,17.213,16.553
-72.929,18.381,15.542
-76.888,19.532,14.394
-80.832,20.644,13.116
-84.722,21.709,11.718
-88.494,22.705,10.222
-92.113,23.626,8.6398
-95.539,24.461,6.9988
-98.727,25.204,5.3188
-101.66,25.849,3.6448
-104.31,26.405,1.9838
-106.68,26.878,0.35779
-108.75,27.275,-1.2002
-110.54,27.611,-2.6802
-112.04,27.901,-4.0721
-113.23,28.18,-5.3794
-114.18,28.436,-6.5765
-114.82,28.712,-7.6576
-115.19,29.005,-8.6658
-115.38,29.327,-9.53
-115.24,29.647,-10.348
-115.04,29.978,-10.981
-114.58,30.271,-11.573
-114.12,30.532,-11.968
-113.5,30.714,-12.268
-112.87,30.825,-12.431
-112.12,30.866,-12.474
-111.37,30.812,-12.344
-110.43,30.675,-12.128
-109.54,30.468,-11.749
-108.46,30.169,-11.324
-107.28,29.81,-10.805
-106.05,29.435,-10.184
-104.69,29.006,-9.515
-103.26,28.546,-8.803
-101.66,28.078,-8.0686
-100.09,27.617,-7.2933
-98.382,27.128,-6.5141
-96.602,26.671,-5.7139
-94.767,26.215,-4.9151
-92.822,25.78,-4.1178
-90.806,25.35,-3.3288
-88.685,24.934,-2.5522
-86.474,24.521,-1.7942
-84.162,24.109,-1.0602
-81.758,23.692,-0.35421
-79.266,23.265,0.31579
-76.692,22.819,0.95179
-74.052,22.352,1.5458
-71.311,21.864,2.0838
-68.595,21.338,2.5878
-65.864,20.783,3.0398
-63.14,20.194,3.4508
-60.437,19.573,3.8168
-57.764,18.923,4.1418
-55.133,18.242,4.4318
-52.534,17.541,4.6818
-49.973,16.816,4.9018
-47.443,16.071,5.0938
-44.938,15.308,5.2578
-42.45,14.529,5.3978
-39.965,13.734,5.5088
-37.478,12.925,5.5928
-34.981,12.107,5.6438
-32.469,11.276,5.6608
-29.939,10.437,5.6368
-27.394,9.5902,5.5688
-24.838,8.7382,5.4538
-22.275,7.8802,5.2888
-19.722,7.0222,5.0728
-17.184,6.1602,4.8068
-14.674,5.3022,4.4948
-12.207,4.4452,4.1368
-9.7835,3.5902,3.7428
-7.4279,2.7392,3.3228
-5.1561,1.9092,2.9238
-2.9172,1.0752,2.4288
-0.85273,0.25222,2.0008
1.22,-0.55278,1.5168
3.1462,-1.3148,1.0928
4.9929,-2.0748,0.65979
6.7808,-2.7958,0.24879
8.4657,-3.4918,-0.14921
10.096,-4.1408,-0.52421
11.645,-4.7608,-0.88021
13.152,-5.3328,-1.2172
14.604,-5.8688,-1.5392
16.03,-6.3608,-1.8482
17.428,-6.8188,-2.1502
18.813,-7.2458,-2.4462
20.187,-7.6458,-2.7422
21.557,-8.0248,-3.0411
22.921,-8.3848,-3.3465
24.278,-8.7318,-3.6596
25.627,-9.0618,-3.9836
26.958,-9.3768,-4.3159
28.275,-9.6648,-4.6597
29.567,-9.9268,-5.0089
30.834,-10.15,-5.3624
32.076,-10.327,-5.716
33.291,-10.45,-6.0659
34.484,-10.512,-6.4086
35.657,-10.509,-6.7409
36.816,-10.442,-7.0572
37.97,-10.309,-7.3658
39.124,-10.12,-7.6595
40.287,-9.8818,-7.9447
41.443,-9.6088,-8.2288
42.652,-9.3048,-8.5142
43.897,-8.9868,-8.8125
45.182,-8.6678,-9.1362
46.514,-8.3528,-9.4911
47.894,-8.0468,-9.8906
49.32,-7.7528,-10.341
50.789,-7.4818,-10.833
52.27,-7.1708,-11.407
53.781,-6.8888,-12
55.242,-6.5198,-12.642
56.67,-6.1488,-13.263
58.007,-5.6528,-13.861
59.232,-5.0768,-14.372
60.31,-4.3668,-14.759
61.129,-3.4508,-14.937
61.825,-2.4638,-14.915
62.181,-1.1868,-14.589
62.242,0.27822,-13.939
61.98,1.9452,-12.945
61.268,3.8962,-11.555
60.202,5.9762,-9.8096
58.591,8.3302,-7.6792
56.473,10.859,-5.2226
53.818,13.564,-2.5222
50.601,16.42,0.34979
46.84,19.39,3.2838
42.558,22.46,6.1598
37.817,25.603,8.8528
32.707,28.804,11.239
27.31,32.053,13.172
21.764,35.312,14.633
16.249,38.588,15.486
10.861,41.868,15.712
5.6875,45.143,15.298
0.80837,48.396,14.255
-3.7106,51.607,12.603
-7.8303,54.754,10.386
-11.528,57.814,7.6528
-14.645,60.78,4.3288
-17.589,63.56,0.82879
-19.838,66.202,-3.2162
-21.947,68.595,-7.2725
-23.627,70.749,-11.641
-25.668,72.566,-15.615
-26.865,74.139,-19.882
-29.365,75.35,-23.234
-30.017,76.287,-27.339
-32.071,76.963,-30.27
-32.544,77.375,-33.671
-34.159,77.486,-36.179
-34.704,77.42,-38.821
-35.658,77.124,-40.914
-36.215,76.674,-42.823
-36.881,76.142,-44.344
-37.245,75.459,-45.673
-37.6,74.758,-46.701
-37.867,73.988,-47.489
-38.059,73.255,-48.033
-38.227,72.51,-48.361
-38.287,71.786,-48.497
-38.551,71.107,-48.376
-38.658,70.427,-48.146
-38.807,69.808,-47.737
-38.979,69.177,-47.184
-39.164,68.542,-46.505
-39.266,67.891,-45.751
-39.414,67.229,-44.888
-39.352,66.53,-44
-39.393,65.78,-43.038
-39.382,65.01,-42.01
-39.326,64.204,-40.938
-39.222,63.353,-39.827
-39.068,62.466,-38.686
-38.865,61.542,-37.515
-38.616,60.585,-36.316
-38.321,59.597,-35.09
-37.982,58.579,-33.837
-37.6,57.534,-32.558
-37.174,56.46,-31.254
-36.704,55.359,-29.925
-36.188,54.228,-28.57
-35.623,53.067,-27.19
-35.006,51.875,-25.788
-34.334,50.648,-24.364
-33.602,49.385,-22.923
-32.807,48.085,-21.469
-31.947,46.746,-20.008
-31.023,45.369,-18.547
-30.036,43.954,-17.093
-28.986,42.5,-15.654
-27.878,41.019,-14.245
-26.721,39.512,-12.869
-25.52,37.986,-11.539
-24.285,36.451,-10.264
-23.022,34.92,-9.048
-21.742,33.399,-7.9026
-20.457,31.897,-6.8257
-19.18,30.434,-5.8303
-17.925,29.016,-4.9116
-16.711,27.651,-4.0671
-15.553,26.348,-3.2913
-14.469,25.116,-2.5822
-13.48,23.952,-1.9162
-12.595,22.86,-1.2882
-11.831,21.839,-0.68621
-11.19,20.896,-0.10321
-10.687,20.021,0.47679
-10.312,19.208,1.0578
-10.064,18.451,1.6428
-9.9275,17.735,2.2308
-9.8774,17.06,2.8138
-9.9518,16.425,3.3868
-10.078,15.806,3.9428
-10.228,15.197,4.4798
-10.415,14.602,4.9638
-10.626,14.013,5.3988
-10.818,13.427,5.7738
-10.998,12.845,6.0898
-11.137,12.268,6.3378
-11.248,11.698,6.5218
-11.314,11.138,6.6398
-11.348,10.592,6.6958
-11.345,10.062,6.6928
-11.311,9.5542,6.6338
-11.249,9.0742,6.5178
-11.16,8.6092,6.3698
-11.045,8.1842,6.1698
-10.907,7.7842,5.9418
-10.736,7.4172,5.6798
-10.542,7.0722,5.4078
-10.311,6.7522,5.1178
-10.058,6.4462,4.8298
-9.8039,6.1602,4.5248
-9.5026,5.8712,4.2418
-9.1786,5.5832,3.9738
-8.8331,5.2922,3.7178
-8.4738,4.9962,3.4828
-8.1011,4.6932,3.2718
-7.7187,4.3822,3.0868
-7.2782,4.0942,2.9338
-6.8908,3.7692,2.7988
-6.523,3.4242,2.7168
-6.1701,3.0782,2.6708
-5.8416,2.7272,2.6708
-5.5448,2.3722,2.7228
-5.2877,2.0192,2.8288
-5.0764,1.6692,2.9908
-4.917,1.3262,3.2098
-4.8141,0.99322,3.4858
-4.7709,0.67222,3.8138
-4.7883,0.36722,4.1878
-4.8632,0.082222,4.5988
-4.9831,-0.17778,5.0338
-5.1416,-0.40278,5.4808
-5.3195,-0.58778,5.9258
-5.4972,-0.72578,6.3538
-5.6526,-0.80878,6.7488
-5.774,-0.84478,7.1228
-5.8183,-0.80278,7.4118
-5.8001,-0.71178,7.6418
-5.6852,-0.56978,7.8048
-5.4795,-0.38978,7.8968
-5.1796,-0.18778,7.9288
-4.7911,0.025222,7.9038
-4.316,0.23622,7.8278
-3.7644,0.43522,7.7078
-3.1488,0.61722,7.5588
-2.4974,0.75822,7.3888
-1.7917,0.89622,7.1978
-1.0536,1.0142,6.9958
-0.29093,1.1152,6.7918
0.49357,1.2022,6.5848
1.3009,1.2752,6.3738
2.1281,1.3342,6.1658
3.0084,1.3982,5.9458
3.8664,1.4162,5.7238
4.8112,1.4452,5.4838
5.7747,1.4252,5.2298
6.791,1.3672,4.9578
7.8628,1.2602,4.6668
8.9955,1.1022,4.3538
10.195,0.87622,4.0208
11.46,0.58322,3.6658
12.791,0.21422,3.2898
14.186,-0.23378,2.8938
15.642,-0.76378,2.4758
17.155,-1.3768,2.0358
18.722,-2.0728,1.5708
20.329,-2.8448,1.0748
21.989,-3.6948,0.54679
23.686,-4.6148,-0.023213
25.419,-5.5978,-0.63021
27.187,-6.6378,-1.2832
28.985,-7.7258,-1.9812
30.811,-8.8548,-2.7222
32.66,-10.016,-3.5023
34.526,-11.203,-4.3152
36.4,-12.405,-5.1515
38.262,-13.612,-6.0025
40.126,-14.814,-6.8451
41.964,-16.036,-7.6707
43.766,-17.246,-8.4756
45.516,-18.447,-9.2476
47.206,-19.632,-9.974
48.824,-20.797,-10.65
50.363,-21.94,-11.263
51.817,-23.054,-11.823
53.165,-24.145,-12.317
54.422,-25.188,-12.748
55.575,-26.186,-13.122
56.624,-27.131,-13.447
57.56,-28.013,-13.731
58.379,-28.822,-13.98
59.083,-29.546,-14.2
59.656,-30.166,-14.394
60.134,-30.685,-14.579
60.435,-31.088,-14.72
60.708,-31.347,-14.877
60.754,-31.5,-14.966
60.762,-31.487,-15.064
60.569,-31.361,-15.088
60.343,-31.064,-15.122
59.916,-30.681,-15.044
59.352,-30.088,-14.94
58.702,-29.389,-14.791
57.895,-28.553,-14.552
56.947,-27.587,-14.26
55.971,-26.585,-13.907
54.743,-25.372,-13.489
53.457,-24.149,-13.013
51.987,-22.846,-12.448
50.558,-21.516,-11.888
48.85,-20.002,-11.297
47.133,-18.534,-10.67
45.221,-17.006,-9.9924
43.343,-15.473,-9.3428
41.204,-13.76,-8.7365
39.013,-12.11,-8.1071
36.738,-10.403,-7.5141
34.305,-8.5438,-7.052
31.787,-6.7528,-6.5678
29.132,-4.8878,-6.1638
26.353,-2.9218,-5.9101
23.733,-1.0048,-5.7739
20.876,0.96022,-5.7232
18.356,2.9722,-6.2109
15.137,4.8722,-6.0153
12.397,6.7592,-6.3661
9.4411,8.5802,-6.7509
6.8191,10.37,-7.342
4.2428,12.056,-8.0218
1.5582,13.614,-8.6841
-0.77283,15.095,-9.5087
-3.0344,16.451,-10.355
-5.0421,17.692,-11.488
-7.4038,18.788,-11.997
-9.3421,19.781,-12.815
-11.095,20.661,-13.831
-13.177,21.419,-14.231
-14.898,22.09,-14.878
-16.763,22.627,-15.326
-18.36,23.136,-15.859
-19.844,23.542,-16.456
-21.595,23.856,-16.542
-23.051,24.115,-16.805
-24.589,24.258,-16.861
-25.85,24.423,-17.08
-27.189,24.446,-17.012
-28.227,24.512,-17.203
-29.386,24.454,-17.004
-30.398,24.35,-16.775
-31.265,24.195,-16.5
-32.01,24.007,-16.163
-32.642,23.789,-15.762
-33.175,23.549,-15.29
-33.618,23.287,-14.746
-33.982,23.004,-14.126
-34.182,22.801,-13.602
-34.505,22.463,-12.805
-34.754,22.07,-11.921
-34.891,21.652,-10.979
-34.948,21.189,-10.001
-34.951,20.691,-8.9924
-34.899,20.154,-7.9583
-34.861,19.717,-7.1818
-34.647,19.057,-6.0395
-34.364,18.353,-4.9387
-34.02,17.617,-3.8654
-33.615,16.853,-2.8212
-33.249,16.152,-2.0012
-32.714,15.341,-0.93621
-32.119,14.495,0.048787
-31.507,13.658,0.98479
-30.853,12.997,1.5678
-30.251,12.194,2.4018
-29.614,11.434,3.2088
-29.008,10.702,3.9848
-28.409,10.009,4.7328
-27.855,9.3522,5.4538
-27.316,8.7402,6.1418
-26.825,8.1712,6.8008
-26.355,7.6512,7.4248
-25.922,7.1722,8.0158
-25.509,6.7432,8.5678
-25.123,6.3542,9.0848
-24.752,6.0102,9.5598
-24.394,5.7042,10.003
-24.04,5.4372,10.402
-23.69,5.2032,10.775
-23.34,5.0052,11.109
-22.991,4.8412,11.411
-22.641,4.7092,11.685
-22.286,4.6102,11.93
-21.935,4.5432,12.153
-21.589,4.5112,12.354
-21.249,4.5132,12.536
-20.917,4.5472,12.705
-20.596,4.6142,12.866
-20.286,4.7112,13.017
-19.993,4.8332,13.167
-19.712,4.9932,13.304
-19.444,5.1652,13.448
-19.192,5.3592,13.59
-18.952,5.5672,13.731
-18.723,5.7822,13.873
-18.506,6.0112,14.007
-18.328,6.2262,14.127
-18.093,6.4632,14.274
-17.935,6.6702,14.39
-17.713,6.8922,14.533
-17.56,7.0822,14.647
-17.347,7.2752,14.793
-17.169,7.4402,14.927
-16.992,7.5912,15.069
-16.818,7.7162,15.222
-16.655,7.8172,15.389
-16.504,7.8892,15.574
-16.375,7.9292,15.776
-16.275,7.9362,16.003
-16.214,7.9092,16.254
-16.202,7.8492,16.533
-16.249,7.7562,16.841
-16.369,7.6352,17.177
-16.572,7.4902,17.541
-16.872,7.3292,17.93
-17.278,7.1592,18.342
-17.798,6.9912,18.773
-18.442,6.8382,19.215
-19.234,6.7242,19.672
-20.135,6.6412,20.122
-21.174,6.6062,20.563
-22.363,6.6342,20.983
-23.711,6.7292,21.374
-25.225,6.8982,21.724
-26.913,7.1442,22.029
-28.779,7.4682,22.279
-30.825,7.8702,22.467
-33.053,8.3462,22.587
-35.462,8.8902,22.631
-38.046,9.4942,22.596
-40.799,10.154,22.474
-43.71,10.862,22.259
-46.768,11.615,21.942
-49.959,12.409,21.512
-53.265,13.245,20.955
-56.683,14.121,20.267
-60.178,15.054,19.407
-63.767,16.027,18.383
-67.41,17.06,17.153
-71.122,18.14,15.729
-74.857,19.279,14.069
-78.622,20.465,12.177
-82.393,21.692,10.046
-86.149,22.948,7.6778
-89.87,24.215,5.0738
-93.522,25.485,2.2618
-97.102,26.724,-0.74721
-100.59,27.922,-3.9115
-103.95,29.063,-7.2446
-107.2,30.131,-10.669
-110.31,31.118,-14.199
-113.32,32.013,-17.781
-116.19,32.832,-21.391
-118.94,33.563,-25.045
-121.61,34.218,-28.689
-124.13,34.839,-32.32
-126.56,35.388,-35.934
-128.86,35.918,-39.503
-130.96,36.493,-43.029
-132.92,37.029,-46.474
-134.68,37.612,-49.826
-136.21,38.227,-53.055
-137.49,38.873,-56.124
-138.64,39.526,-58.962
-139.52,40.087,-61.599
-140.09,40.66,-63.926
-140.59,41.221,-65.936
-140.88,41.583,-67.596
-141.19,41.754,-68.874
-141.2,41.933,-69.833
-141.48,41.833,-70.469
-141.3,41.822,-70.79
-142.05,41.271,-70.877
-141.13,41.268,-70.575
-141.41,40.638,-70.113
-141.14,40.24,-69.368
-140.96,39.61,-68.497
-141.17,38.818,-67.431
-140.94,38.153,-66.207
-140.99,37.448,-64.848
-140.89,36.625,-63.393
-140.74,35.979,-61.878
-140.5,35.382,-60.3
-140.27,34.871,-58.693
-139.89,34.434,-57.038
-139.28,34.163,-55.359
-138.51,34.02,-53.654
-137.61,34.018,-51.927
-136.68,34.028,-50.182
-135.64,34.138,-48.406
-134.5,34.324,-46.596
-133.24,34.571,-44.749
-131.86,34.869,-42.858
-130.39,35.199,-40.926
-128.82,35.546,-38.952
-127.16,35.9,-36.936
-125.42,36.242,-34.881
-123.61,36.56,-32.788
-121.75,36.839,-30.659
-119.83,37.066,-28.496
-117.85,37.23,-26.299
-115.84,37.32,-24.071
-113.77,37.332,-21.814
-111.65,37.257,-19.531
-109.47,37.093,-17.225
-107.22,36.836,-14.901
-104.91,36.487,-12.571
-102.52,36.039,-10.228
-100.04,35.499,-7.8865
-97.472,34.869,-5.5585
-94.818,34.155,-3.259
-92.076,33.365,-1.0042
-89.254,32.507,1.1918
-86.36,31.59,3.3128
-83.411,30.621,5.3468
-80.424,29.608,7.2818
-77.424,28.556,9.1088
-74.435,27.47,10.821
-71.48,26.353,12.415
-68.581,25.211,13.889
-65.759,24.049,15.243
-63.029,22.872,16.479
-60.392,21.687,17.6
-57.851,20.504,18.61
-55.405,19.332,19.512
-53.04,18.184,20.309
-50.744,17.069,21.005
-48.508,16.003,21.603
-46.302,14.987,22.114
-44.119,14.04,22.526
-41.947,13.162,22.854
-39.77,12.355,23.103
-37.584,11.615,23.274
-35.379,10.945,23.367
-33.157,10.325,23.393
-30.929,9.7462,23.352
-28.696,9.1992,23.245
-26.472,8.6722,23.078
-24.259,8.1532,22.846
-22.067,7.6312,22.554
-19.91,7.1022,22.203
-17.792,6.5602,21.797
-15.715,6.0032,21.338
-13.683,5.4302,20.833
-11.689,4.8382,20.284
-9.73,4.2262,19.699
-7.8082,3.5982,19.081
-5.9168,2.9542,18.438
-4.0499,2.2922,17.774
-2.206,1.6152,17.093
-0.38093,0.92322,16.399
1.4278,0.21922,15.694
3.2228,-0.49678,14.978
5.0055,-1.2198,14.251
6.7762,-1.9488,13.512
8.5359,-2.6808,12.758
10.283,-3.4148,11.988
12.018,-4.1498,11.199
13.738,-4.8838,10.389
15.442,-5.6218,9.5548
17.122,-6.3608,8.6968
18.776,-7.1038,7.8098
20.391,-7.8528,6.8998
21.97,-8.6138,5.9598
23.502,-9.3888,4.9948
24.988,-10.181,4.0098
26.428,-10.991,3.0088
27.826,-11.823,1.9988
29.191,-12.677,0.98579
30.533,-13.551,-0.018213
31.839,-14.416,-1.0052
33.185,-15.332,-1.9622
34.554,-16.262,-2.8822
35.959,-17.207,-3.7496
37.413,-18.158,-4.5586
38.92,-19.112,-5.3022
40.478,-20.059,-5.9815
42.081,-20.991,-6.6002
43.712,-21.905,-7.1641
45.345,-22.796,-7.6946
46.99,-23.646,-8.1769
48.591,-24.459,-8.6605
50.148,-25.225,-9.1435
51.635,-25.94,-9.6575
53.027,-26.578,-10.238
54.347,-27.173,-10.839
55.58,-27.702,-11.494
56.738,-28.171,-12.201
57.822,-28.577,-12.957
58.836,-28.926,-13.746
59.778,-29.213,-14.56
60.671,-29.469,-15.378
61.502,-29.673,-16.179
62.207,-29.838,-16.944
62.977,-29.981,-17.647
63.652,-30.065,-18.283
64.273,-30.119,-18.825
64.864,-30.135,-19.26
65.46,-30.138,-19.585
66.016,-30.077,-19.797
66.546,-29.969,-19.896
67.066,-29.851,-19.865
67.619,-29.615,-19.767
68.096,-29.362,-19.543
68.523,-29.004,-19.215
68.861,-28.591,-18.776
69.224,-28.118,-18.275
69.397,-27.517,-17.591
69.561,-26.879,-16.841
69.494,-26.099,-15.898
69.381,-25.272,-14.84
69.03,-24.327,-13.571
68.482,-23.266,-12.118
67.821,-22.158,-10.508
66.851,-20.945,-8.6088
65.666,-19.652,-6.5314
64.126,-18.232,-4.2492
62.436,-16.838,-1.7742
60.423,-15.36,0.82079
57.984,-13.804,3.6238
55.312,-12.259,6.4598
52.285,-10.667,9.2918
48.954,-9.1198,12.221
45.287,-7.5388,14.997
41.494,-5.9218,17.534
37.675,-4.4778,20.019
33.939,-3.0548,22.179
30.025,-1.6648,24.187
26.284,-0.38078,25.858
22.937,0.87822,27.066
19.886,1.8952,28.187
17.051,2.8662,28.97
14.608,3.7492,29.479
12.389,4.4642,29.89
10.592,5.1542,30.009
8.9202,5.6802,30.145
7.4833,6.1692,30.138
6.1243,6.5982,30.064
4.9349,6.9962,29.949
3.7451,7.3582,29.81
2.5925,7.7072,29.669
1.5428,8.0682,29.496
0.41057,8.4082,29.34
-0.69673,8.7592,29.168
-1.7686,9.1062,28.97
-2.8026,9.4482,28.743
-3.7892,9.7752,28.481
-4.716,10.078,28.177
-5.6078,10.349,27.821
-6.3812,10.59,27.416
-7.0678,10.78,26.967
-7.6651,10.926,26.468
-8.1811,11.03,25.923
-8.6149,11.08,25.351
-8.9691,11.086,24.747
-9.254,11.051,24.122
-9.4657,10.982,23.478
-9.6097,10.875,22.826
-9.6885,10.739,22.191
-9.6988,10.578,21.526
-9.6256,10.392,20.859
-9.483,10.177,20.203
-9.2771,9.9382,19.555
-9.0184,9.6742,18.921
-8.7056,9.3902,18.3
-8.3417,9.0862,17.693
-7.9297,8.7652,17.098
-7.4767,8.4332,16.521
-6.9877,8.0912,15.96
-6.4689,7.7432,15.418
-5.9319,7.3902,14.9
-5.3805,7.0372,14.403
-4.8267,6.6852,13.932
-4.279,6.3362,13.491
-3.747,5.9922,13.079
-3.2367,5.6602,12.696
-2.7646,5.3322,12.349
-2.332,5.0212,12.029
-1.9489,4.7272,11.736
-1.6226,4.4552,11.468
-1.3601,4.2092,11.22
-1.1665,3.9912,10.991
-1.0453,3.8062,10.779
-1.0004,3.6542,10.582
-1.0324,3.5372,10.4
-1.1413,3.4552,10.239
-1.3238,3.4082,10.098
-1.5743,3.3852,9.9858
-1.8859,3.3872,9.9068
-2.2454,3.4082,9.8548
-2.663,3.4512,9.8108
-3.0802,3.5042,9.8248
-3.5292,3.5582,9.8518
-4.0049,3.6092,9.9018
-4.4483,3.6712,9.9098
-4.8944,3.7372,9.9158
-5.2893,3.7822,9.8648
-5.6329,3.8462,9.7808
-5.9153,3.8742,9.6178
-6.1016,3.9072,9.4018
-6.1818,3.9252,9.1158
-6.1447,3.9282,8.7658
-5.9846,3.9082,8.3548
-5.6926,3.8622,7.8938
-5.2912,3.7872,7.3728
-4.7763,3.6832,6.8088
-4.1613,3.5472,6.2108
-3.4628,3.3772,5.5868
-2.6594,3.1952,4.9718
-1.8746,2.9212,4.3028
-1.0368,2.6252,3.6578
-0.17893,2.2822,3.0248
0.67807,1.8912,2.4148
1.5225,1.4522,1.8368
2.3424,0.96522,1.3008
3.1352,0.44722,0.80079
3.9873,-0.077778,0.36979
4.7143,-0.66778,-0.017213
5.3433,-1.2968,-0.36521
5.9808,-1.9208,-0.64421
6.5804,-2.5548,-0.87021
7.1282,-3.1788,-1.0532
7.6215,-3.7848,-1.1992
8.0541,-4.3708,-1.3102
8.4189,-4.9238,-1.3982
8.711,-5.4358,-1.4642
8.9168,-5.9008,-1.5112
9.0375,-6.3148,-1.5452
9.0603,-6.6768,-1.5592
8.9859,-6.9758,-1.5562
8.819,-7.2138,-1.5322
8.5643,-7.3858,-1.4832
8.2427,-7.4918,-1.4072
7.8595,-7.5478,-1.2862
7.4558,-7.4998,-1.1732
7.0331,-7.3908,-1.0462
6.6251,-7.2178,-0.91221
6.2413,-6.9958,-0.78221
5.9007,-6.7308,-0.65721
5.6113,-6.4388,-0.54821
5.3813,-6.1408,-0.45121
5.2157,-5.8428,-0.37721
5.1095,-5.5688,-0.31421
5.0621,-5.3258,-0.26621
5.0651,-5.1268,-0.22621
5.1217,-4.9768,-0.19721
5.2164,-4.8808,-0.17321
5.3561,-4.8428,-0.15621
5.528,-4.8568,-0.15021
5.7356,-4.9278,-0.15721
5.9697,-5.0418,-0.18921
6.2338,-5.1928,-0.25721
6.5067,-5.3868,-0.35221
6.8019,-5.5948,-0.49121
7.0921,-5.8338,-0.68421
7.3769,-6.0748,-0.93221
7.6477,-6.3248,-1.2352
7.8994,-6.5808,-1.5832
8.1284,-6.8188,-1.9812
8.3312,-7.0518,-2.4112
8.5125,-7.2708,-2.8672
8.6777,-7.4718,-3.3391
8.8359,-7.6618,-3.8144
8.9994,-7.8388,-4.2849
9.1823,-8.0018,-4.745
9.4014,-8.1618,-5.1893
9.6661,-8.3108,-5.6432
9.9991,-8.4708,-6.0496
10.409,-8.6268,-6.4501
10.902,-8.7918,-6.8421
11.482,-8.9648,-7.2274
12.158,-9.1508,-7.6128
12.928,-9.3498,-7.9989
13.793,-9.5648,-8.3858
14.75,-9.7998,-8.7721
15.798,-10.055,-9.1574
16.927,-10.34,-9.5323
18.142,-10.652,-9.9073
19.422,-11.004,-10.267
20.766,-11.399,-10.621
22.156,-11.856,-10.987
23.576,-12.352,-11.332
25.023,-12.903,-11.673
26.484,-13.516,-12.014
27.95,-14.191,-12.356
29.411,-14.924,-12.702
30.854,-15.713,-13.052
32.278,-16.549,-13.409
33.666,-17.425,-13.775
35.017,-18.329,-14.151
36.319,-19.247,-14.537
37.557,-20.166,-14.932
38.735,-21.069,-15.338
39.844,-21.948,-15.755
40.887,-22.789,-16.182
41.861,-23.578,-16.62
42.769,-24.32,-17.063
43.616,-25.004,-17.519
44.414,-25.631,-17.985
45.172,-26.205,-18.46
45.905,-26.724,-18.945
46.63,-27.199,-19.441
47.358,-27.63,-19.944
48.105,-28.021,-20.452
48.867,-28.361,-20.955
49.68,-28.675,-21.467
50.531,-28.954,-21.974
51.425,-29.199,-22.471
52.359,-29.416,-22.952
53.324,-29.602,-23.413
54.321,-29.785,-23.863
55.319,-29.939,-24.266
56.312,-30.088,-24.635
57.284,-30.237,-24.97
58.218,-30.392,-25.27
59.1,-30.558,-25.539
59.913,-30.734,-25.778
60.649,-30.92,-25.991
61.299,-31.115,-26.182
61.859,-31.311,-26.35
62.332,-31.5,-26.501
62.72,-31.678,-26.633
63.026,-31.833,-26.748
63.254,-31.955,-26.838
63.454,-32.05,-26.923
63.516,-32.105,-26.942
63.675,-32.071,-26.994
63.59,-32.003,-26.925
63.622,-31.866,-26.893
63.574,-31.666,-26.789
63.359,-31.356,-26.584
63.1,-30.963,-26.315
62.554,-30.473,-25.852
62.123,-29.857,-25.424
61.648,-29.251,-24.87
60.83,-28.357,-24.177
59.791,-27.337,-23.336
58.86,-26.35,-22.441
57.637,-25.17,-21.4
56.11,-23.822,-20.217
54.614,-22.403,-19.028
52.642,-20.825,-17.645
50.658,-19.099,-16.299
48.458,-17.245,-14.918
45.813,-15.273,-13.413
43.26,-13.097,-12.078
40.43,-10.825,-10.74
37.312,-8.4108,-9.4289
33.99,-5.8778,-8.1963
30.511,-3.3148,-7.0191
26.999,-0.62178,-6.0624
23.359,2.1312,-5.2727
19.677,4.8882,-4.6658
16.035,7.5992,-4.2758
12.45,10.209,-4.048
8.8561,12.72,-4.0523
5.517,15.01,-4.187
2.2823,17.167,-4.6192
-0.79073,19.047,-5.0872
-3.7199,20.744,-5.7327
-6.408,22.137,-6.3942
-8.9672,23.349,-7.1183
-11.36,24.353,-7.8965
-13.64,25.174,-8.6732
-15.753,25.834,-9.4074
-17.723,26.37,-10.104
-19.556,26.819,-10.742
-21.281,27.199,-11.3
-22.907,27.535,-11.764
-24.452,27.848,-12.124
-25.91,28.146,-12.374
-27.267,28.432,-12.515
-28.501,28.701,-12.542
-29.592,28.956,-12.471
-30.513,29.186,-12.309
-31.302,29.384,-12.061
-31.86,29.557,-11.75
-32.222,29.66,-11.369
-32.404,29.705,-10.938
-32.409,29.682,-10.467
-32.255,29.582,-9.966
-31.957,29.399,-9.4414
-31.526,29.121,-8.8953
-30.975,28.753,-8.3454
-30.309,28.281,-7.784
-29.538,27.71,-7.2206
-28.67,27.041,-6.6588
-27.712,26.28,-6.1044
-26.682,25.436,-5.5552
-25.592,24.52,-5.0209
-24.459,23.549,-4.5025
-23.32,22.537,-4.0059
-22.192,21.506,-3.5314
-21.114,20.468,-3.0813
-20.112,19.444,-2.6562
-19.224,18.442,-2.2562
-18.473,17.478,-1.8772
-17.88,16.579,-1.5072
-17.465,15.706,-1.1602
-17.232,14.885,-0.82621
-17.177,14.116,-0.49621
-17.298,13.373,-0.17821
-17.527,12.727,0.15979
-17.885,12.085,0.48679
-18.292,11.509,0.82379
-18.737,10.965,1.1538
-19.178,10.456,1.4708
-19.569,9.9732,1.7648
-19.89,9.5062,2.0308
-20.112,9.0562,2.2578
-20.207,8.6222,2.4288
-20.154,8.2002,2.5488
-19.941,7.7742,2.6248
-19.562,7.3672,2.6408
-19.032,6.9402,2.6268
-18.372,6.4882,2.5858
-17.603,6.0112,2.5318
-16.752,5.5052,2.4788
-15.847,4.9652,2.4328
-14.922,4.3982,2.4138
-13.998,3.8042,2.4228
-13.1,3.1872,2.4708
-12.251,2.5602,2.5588
-11.47,1.9282,2.6918
-10.756,1.3012,2.8698
-10.122,0.69322,3.0868
-9.5629,0.11422,3.3408
-9.0705,-0.42778,3.6258
-8.603,-0.91078,3.9508
-8.2354,-1.3618,4.2648
-7.8852,-1.7438,4.5898
-7.575,-2.0688,4.9128
-7.275,-2.3208,5.2188
-6.9887,-2.5018,5.4998
-6.7029,-2.6158,5.7568
-6.4157,-2.6638,5.9838
-6.1231,-2.6508,6.1798
-5.8247,-2.5858,6.3468
-5.5216,-2.4768,6.4848
-5.2133,-2.3368,6.6008
-4.9063,-2.1738,6.6948
-4.5994,-2.0018,6.7748
-4.2982,-1.8298,6.8498
-4.0031,-1.6678,6.9228
-3.7163,-1.5218,6.9998
-3.439,-1.3978,7.0848
-3.1715,-1.3008,7.1818
-2.9133,-1.2318,7.2898
-2.663,-1.1938,7.4068
-2.4183,-1.1868,7.5278
-2.1758,-1.2108,7.6448
-1.9304,-1.2728,7.7548
-1.6812,-1.3598,7.8368
-1.4199,-1.4828,7.8918
-1.1462,-1.6388,7.9078
-0.85253,-1.8298,7.8788
-0.54373,-2.0538,7.8028
-0.21953,-2.3128,7.6818
0.11577,-2.6018,7.5148
0.45917,-2.9188,7.3118
0.80137,-3.2628,7.0898
1.1413,-3.6238,6.8538
1.4674,-3.9958,6.6208
1.7801,-4.3678,6.4048
2.0745,-4.7308,6.2208
2.3504,-5.0738,6.0788
2.6069,-5.3858,5.9888
2.7104,-5.7428,6.0498
3.069,-5.8878,5.9758
3.3024,-6.0538,6.0518
3.5226,-6.1748,6.1758
3.7524,-6.2448,6.3408
3.9928,-6.2698,6.5308
4.2461,-6.2608,6.7368
4.5288,-6.2268,6.9448
4.8346,-6.1828,7.1398
5.1602,-6.1438,7.3128
5.5052,-6.1198,7.4538
5.8745,-6.1218,7.5598
6.2484,-6.1508,7.6238
6.6307,-6.2088,7.6518
7.0159,-6.2928,7.6488
7.3954,-6.3998,7.6218
7.7587,-6.5228,7.5778
8.0951,-6.6558,7.5288
8.3944,-6.7908,7.4838
8.6504,-6.9228,7.4518
8.8607,-7.0448,7.4428
9.0281,-7.1528,7.4658
9.1589,-7.2428,7.5268
9.2605,-7.3118,7.6318
9.3388,-7.3598,7.7838
9.3976,-7.3898,7.9828
9.4481,-7.4178,8.2388
9.466,-7.4118,8.5228
9.4515,-7.4008,8.8468
9.4108,-7.3798,9.1958
9.3275,-7.3578,9.5748
9.2059,-7.3318,9.9698
9.046,-7.3088,10.38
8.8543,-7.2908,10.797
8.6426,-7.2818,11.217
8.4239,-7.2838,11.632
8.2172,-7.2978,12.034
8.043,-7.3258,12.416
7.923,-7.3688,12.77
7.869,-7.4438,13.085
7.9309,-7.5138,13.355
8.0913,-7.6028,13.572
8.3909,-7.7038,13.721
8.8178,-7.8238,13.795
9.3846,-7.9548,13.796
10.076,-8.1048,13.711
10.896,-8.2688,13.544
11.82,-8.4538,13.288
12.841,-8.6588,12.947
13.951,-8.8988,12.502
15.106,-9.1528,11.992
16.302,-9.4298,11.407
17.526,-9.7318,10.753
18.765,-10.056,10.04
20.017,-10.406,9.2698
21.274,-10.78,8.4628
22.527,-11.169,7.6118
23.767,-11.579,6.7438
24.991,-12.003,5.8608
26.189,-12.44,4.9718
27.355,-12.887,4.0868
28.487,-13.338,3.2058
29.569,-13.792,2.3398
30.601,-14.246,1.4918
31.575,-14.697,0.66879
32.487,-15.143,-0.12921
33.333,-15.576,-0.90021
34.111,-15.995,-1.6382
34.816,-16.393,-2.3462
35.444,-16.764,-3.018
35.998,-17.101,-3.659
36.475,-17.398,-4.2628
36.87,-17.654,-4.8294
37.182,-17.864,-5.3565
37.413,-18.028,-5.8434
37.564,-18.149,-6.2886
37.636,-18.228,-6.6905
37.636,-18.273,-7.052
37.562,-18.287,-7.37
37.416,-18.275,-7.6451
37.194,-18.24,-7.8774
36.881,-18.19,-8.0498
36.526,-18.112,-8.2183
36.045,-18.011,-8.3185
35.474,-17.909,-8.3451
34.879,-17.746,-8.4208
34.11,-17.575,-8.4109
33.319,-17.311,-8.3753
32.343,-17.056,-8.2848
31.337,-16.723,-8.182
30.22,-16.35,-8.0438
29.052,-15.897,-7.9246
27.768,-15.385,-7.7506
26.432,-14.801,-7.5947
25.027,-14.136,-7.4317
23.654,-13.43,-7.3514
22.182,-12.675,-7.2354
20.637,-12.003,-6.9066
18.924,-11.074,-6.8521
17.604,-10.218,-6.9946
16.213,-9.5508,-6.7044
14.42,-8.5588,-6.7774
12.905,-7.6378,-6.7942
11.715,-7.0058,-6.9134
10.487,-6.2318,-7.1176
9.1005,-5.4418,-7.1958
8.2128,-4.8578,-7.5405
6.87,-4.1508,-7.5912
6.1609,-3.6668,-7.9889
4.8973,-2.9728,-8.0908
4.2488,-2.4708,-8.58
3.5553,-2.1348,-8.7973
2.4349,-1.5548,-8.8703
1.8817,-1.1358,-9.3286
1.3472,-0.84578,-9.5566
0.33597,-0.30178,-9.6445
-0.12063,0.054222,-10.065
-0.55383,0.29522,-10.257
-1.4584,0.76422,-10.313
-1.7346,0.99122,-10.649
-2.1318,1.2542,-10.725
-2.9803,1.6562,-10.896
-3.7585,1.9012,-10.983
-4.1984,2.3642,-11.232
-4.7359,2.6752,-11.336
-5.6134,3.0952,-11.475
-6.4988,3.4142,-11.541
-7.0958,3.9272,-11.792
-7.904,4.3702,-11.926
-8.7479,4.8912,-12.154
-9.6215,5.3992,-12.339
-10.461,5.9262,-12.549
-11.353,6.5282,-12.855
-12.229,7.1122,-13.123
-13.069,7.7132,-13.438
-13.877,8.3602,-13.827
-14.652,8.9762,-14.195
-15.408,9.5902,-14.621
-15.964,10.204,-15.124
-16.66,10.805,-15.533
-17.19,11.377,-16.054
-17.797,11.904,-16.58
-18.095,12.389,-17.116
-18.631,12.846,-17.641
-18.93,13.264,-18.165
-19.544,13.655,-18.698
-19.74,13.972,-19.153
-20.532,14.317,-19.664
-20.885,14.568,-20.072
-21.473,14.844,-20.434
-22.053,15.025,-20.766
-22.592,15.182,-21.128
-23.18,15.34,-21.387
-23.725,15.393,-21.497
-24.317,15.578,-21.773
-24.872,15.645,-21.792
-25.322,15.679,-21.742
-25.76,15.75,-21.755
-26.134,15.755,-21.593
-26.444,15.811,-21.479
-26.661,15.916,-21.429
-26.924,15.963,-21.159
-27.126,16.038,-20.885
-27.309,16.15,-20.66
-27.482,16.22,-20.231
-27.618,16.332,-19.869
-27.696,16.452,-19.517
-27.723,16.52,-19.053
-27.701,16.58,-18.564
-27.598,16.613,-18.078
-27.408,16.587,-17.542
-27.107,16.564,-17.048
-26.736,16.432,-16.44
-26.3,16.26,-15.838
-25.729,16.077,-15.273
-25.114,15.853,-14.695
-24.429,15.547,-14.062
-23.72,15.226,-13.458
-22.953,14.917,-12.913
-22.185,14.537,-12.325
-21.436,14.164,-11.772
-20.719,13.733,-11.21
-20.014,13.332,-10.72
-19.408,12.901,-10.208
-18.886,12.42,-9.6875
-18.401,11.963,-9.2204
-18.005,11.444,-8.696
-17.702,10.915,-8.162
-17.47,10.349,-7.5979
-17.293,9.7752,-7.0159
-17.184,9.1702,-6.3888
-17.115,8.5462,-5.7256
-17.079,7.9072,-5.0238
-17.08,7.2402,-4.2872
-17.075,6.5902,-3.5401
-17.078,5.9362,-2.7882
-17.066,5.2872,-2.0352
-17.052,4.6602,-1.3092
-16.984,4.0302,-0.57021
-16.862,3.4122,0.15679
-16.674,2.8092,0.87479
-16.414,2.2202,1.5818
-16.077,1.6392,2.2858
-15.656,1.0632,2.9868
-15.16,0.48422,3.6918
-14.589,-0.10278,4.3898
-13.946,-0.70678,5.0738
-13.237,-1.3348,5.7518
-12.464,-1.9938,6.4078
-11.628,-2.6848,7.0318
-10.729,-3.4108,7.6138
-9.7628,-4.1688,8.1408
-8.7316,-4.9598,8.6088
-7.6013,-5.7468,8.9958
-6.4329,-6.5638,9.3268
-5.1087,-7.4228,9.6288
-3.8556,-8.1728,9.7338
-2.551,-9.0138,9.8368
-1.2633,-9.7598,9.8228
-0.022226,-10.491,9.7418
1.1015,-11.186,9.5948
2.2488,-11.829,9.4258
3.3296,-12.416,9.2188
4.3225,-12.947,8.9808
5.2242,-13.429,8.7208
6.0343,-13.865,8.4388
6.7608,-14.255,8.1328
7.4142,-14.601,7.8008
8.0014,-14.908,7.4448
8.5454,-15.174,7.0508
9.0464,-15.403,6.6248
9.5221,-15.594,6.1668
9.9833,-15.748,5.6828
10.439,-15.865,5.1828
10.894,-15.947,4.6828
11.336,-15.981,4.1648
11.798,-16.003,3.7168
12.251,-16.006,3.3148
12.695,-15.995,2.9768
13.124,-15.978,2.7098
13.532,-15.969,2.5228
13.922,-15.963,2.4078
14.292,-15.978,2.3638
14.647,-16.017,2.3808
14.992,-16.082,2.4498
15.34,-16.176,2.5548
15.701,-16.299,2.6808
16.084,-16.447,2.8138
16.494,-16.619,2.9408
16.938,-16.812,3.0528
17.423,-17.017,3.1418
17.946,-17.238,3.2018
18.504,-17.466,3.2298
19.087,-17.7,3.2268
19.693,-17.94,3.1918
20.307,-18.185,3.1278
20.925,-18.437,3.0348
21.536,-18.692,2.9138
22.153,-18.953,2.7638
22.743,-19.223,2.5908
23.318,-19.501,2.3888
23.875,-19.782,2.1578
24.418,-20.066,1.8938
24.941,-20.35,1.5948
25.444,-20.627,1.2598
25.908,-20.893,0.88279
26.394,-21.16,0.48879
26.854,-21.421,0.060787
27.302,-21.665,-0.38821
27.726,-21.899,-0.85221
28.131,-22.117,-1.3222
28.512,-22.319,-1.7902
28.873,-22.503,-2.2462
29.214,-22.671,-2.6812
29.55,-22.825,-3.0913
29.88,-22.963,-3.4695
30.214,-23.087,-3.813
30.566,-23.197,-4.1219
30.942,-23.296,-4.396
31.352,-23.38,-4.6414
31.797,-23.462,-4.8491
32.288,-23.528,-5.0385
32.813,-23.593,-5.1993
33.376,-23.651,-5.3434
33.961,-23.702,-5.4726
34.562,-23.759,-5.5845
35.153,-23.819,-5.6997
35.739,-23.866,-5.7715
36.295,-23.917,-5.8494
36.807,-23.969,-5.907
37.28,-24.017,-5.9489
37.705,-24.067,-5.9607
38.091,-24.109,-5.9481
38.431,-24.153,-5.9151
38.732,-24.184,-5.8387
38.994,-24.213,-5.7293
39.217,-24.241,-5.5848
39.41,-24.264,-5.4132
39.578,-24.287,-5.2112
39.728,-24.304,-4.9798
39.871,-24.311,-4.7233
40.01,-24.309,-4.4405
40.159,-24.292,-4.1379
40.315,-24.253,-3.8171
40.478,-24.187,-3.4825
40.645,-24.091,-3.1394
40.811,-23.959,-2.7912
40.972,-23.789,-2.4422
41.122,-23.583,-2.0952
41.258,-23.341,-1.7542
41.381,-23.065,-1.4222
41.487,-22.77,-1.0962
41.583,-22.46,-0.77921
41.677,-22.146,-0.47121
41.782,-21.843,-0.17521
41.904,-21.555,0.11479
42.065,-21.301,0.39079
42.279,-21.09,0.65379
42.564,-20.934,0.89979
42.936,-20.841,1.1268
43.408,-20.82,1.3298
43.991,-20.878,1.5068
44.69,-21.016,1.6568
45.508,-21.243,1.7778
46.438,-21.558,1.8688
47.47,-21.96,1.9328
48.594,-22.446,1.9718
49.796,-23.012,1.9918
51.059,-23.653,1.9998
52.373,-24.364,2.0068
53.713,-25.134,2.0198
55.074,-25.956,2.0528
56.441,-26.824,2.1138
57.807,-27.73,2.2128
59.166,-28.665,2.3548
60.508,-29.623,2.5528
61.83,-30.599,2.8048
63.129,-31.589,3.1118
64.394,-32.578,3.4838
65.629,-33.57,3.9108
66.828,-34.555,4.4008
67.987,-35.533,4.9438
69.104,-36.493,5.5418
70.171,-37.437,6.1938
71.188,-38.35,6.8998
72.147,-39.242,7.6438
73.034,-40.1,8.4468
73.862,-40.922,9.2868
74.604,-41.713,10.17
75.267,-42.471,11.091
75.856,-43.198,12.044
76.385,-43.913,13.02
76.811,-44.58,14.03
77.207,-45.212,15.041
77.451,-45.891,16.104
77.708,-46.561,17.163
77.92,-47.113,18.212
77.927,-47.746,19.333
77.802,-48.369,20.299
77.677,-48.965,21.675
77.426,-49.508,22.505
77.129,-50.082,24.142
76.603,-50.491,25.478
75.931,-50.92,26.952
75.269,-51.435,28.363
74.444,-51.948,29.687
73.346,-52.3,31.59
72.086,-52.669,33.386
70.676,-52.998,35.241
68.914,-53.269,37.295
67.173,-53.677,39.33
65.157,-54.077,41.155
62.962,-54.285,43.718
60.37,-54.456,46.05
57.865,-54.565,48.292
55.03,-54.904,50.764
51.765,-54.879,53.144
48.688,-54.971,55.503
45.237,-54.866,57.825
41.759,-54.714,60.084
38.27,-54.51,62.305
34.55,-54.212,64.422
30.681,-53.981,66.441
26.846,-53.499,68.334
22.974,-53.06,70.096
19.092,-52.586,71.709
15.215,-52.081,73.164
11.44,-51.551,74.43
7.639,-51.082,75.545
3.9487,-50.542,76.458
0.40477,-50.031,77.193
-3.0596,-49.549,77.75
-6.3018,-49.04,78.135
-9.4118,-48.562,78.353
-12.321,-48.091,78.418
-14.997,-47.562,78.3
-17.459,-47.043,78.129
-19.599,-46.406,77.789
-21.608,-45.859,77.353
-23.247,-45.124,76.804
-24.791,-44.49,76.186
-25.931,-43.656,75.468
-26.995,-42.917,74.695
-27.699,-41.995,73.84
-28.32,-41.148,72.94
-28.614,-40.137,71.967
-28.855,-39.207,70.964
-28.784,-38.121,69.891
-28.683,-37.137,68.799
-28.302,-36.003,67.635
-27.926,-35.01,66.467
-27.274,-33.855,65.218
-26.691,-32.891,63.983
-25.824,-31.743,62.659
-25.02,-30.761,61.355
-24.212,-29.733,59.986
-23.207,-28.793,58.626
-22.299,-27.908,57.261
-21.273,-26.989,55.869
-20.359,-26.199,54.518
-19.305,-25.368,53.156
-18.389,-24.677,51.858
-17.345,-23.956,50.575
-16.366,-23.349,49.359
-15.449,-22.779,48.203
-14.444,-22.282,47.109
-13.508,-21.848,46.071
-12.532,-21.47,45.099
-11.611,-21.129,44.178
-10.679,-20.832,43.312
-9.7928,-20.562,42.486
-8.9127,-20.303,41.695
-8.0475,-20.048,40.904
-7.2388,-19.782,40.149
-6.4623,-19.5,39.391
-5.7267,-19.189,38.623
-5.029,-18.846,37.833
-4.3701,-18.466,37.011
-3.7496,-18.05,36.152
-3.1694,-17.601,35.244
-2.6236,-17.123,34.29
-2.1093,-16.622,33.285
-1.6229,-16.105,32.23
-1.1636,-15.579,31.132
-0.71753,-15.059,29.987
-0.28913,-14.548,28.814
0.12907,-14.056,27.621
0.49557,-13.554,26.425
0.91407,-13.114,25.234
1.2663,-12.728,24.067
1.632,-12.372,22.94
1.9548,-12.06,21.863
2.2748,-11.792,20.852
2.5429,-11.565,19.918
2.807,-11.379,19.065
3.0158,-11.228,18.299
3.2209,-11.115,17.614
3.3799,-11.027,17.01
3.5272,-10.968,16.482
3.6419,-10.932,16.022
3.7479,-10.905,15.617
3.8321,-10.889,15.264
3.9114,-10.882,14.955
3.9796,-10.879,14.686
4.0464,-10.878,14.451
4.1068,-10.873,14.248
4.1674,-10.871,14.075
4.2209,-10.864,13.932
4.2653,-10.854,13.818
4.2938,-10.839,13.732
4.3007,-10.814,13.671
4.2817,-10.782,13.633
4.2205,-10.733,13.615
4.1141,-10.663,13.609
3.9559,-10.564,13.608
3.7412,-10.443,13.61
3.4643,-10.282,13.594
3.1281,-10.081,13.556
2.7334,-9.8388,13.488
2.2853,-9.5578,13.382
1.7912,-9.2398,13.235
1.2628,-8.8898,13.045
0.71187,-8.5168,12.815
0.16307,-8.1218,12.548
-0.37623,-7.7258,12.262
-0.87483,-7.3248,11.954
-1.3268,-6.9358,11.639
-1.7192,-6.5648,11.318
-2.0497,-6.2218,10.991
-2.3168,-5.9118,10.657
-2.5168,-5.6368,10.308
-2.6399,-5.3978,9.9428
-2.6744,-5.1918,9.5558
-2.6039,-5.0148,9.1488
-2.4172,-4.8658,8.7178
-2.0941,-4.7378,8.2638
-1.634,-4.6308,7.7848
-1.0332,-4.5438,7.2868
-0.30033,-4.4768,6.7588
0.52497,-4.4438,6.1958
1.4528,-4.4318,5.6168
2.4492,-4.4518,5.0248
3.4928,-4.5128,4.4268
4.5568,-4.6148,3.8368
5.6175,-4.7588,3.2718
6.65,-4.9398,2.7478
7.6359,-5.1538,2.2818
8.6015,-5.4008,1.9268
9.4348,-5.6398,1.6198
10.163,-5.8838,1.4218
10.797,-6.0968,1.3278
11.298,-6.2788,1.3468
11.627,-6.4078,1.4738
11.873,-6.4898,1.7258
11.983,-6.5048,2.0818
11.963,-6.4578,2.5328
11.818,-6.3528,3.0628
11.562,-6.1998,3.6598
11.211,-6.0108,4.3048
10.788,-5.8018,4.9768
10.32,-5.5858,5.6568
9.8297,-5.3768,6.3248
9.3462,-5.1878,6.9558
8.8934,-5.0298,7.5248
8.4826,-4.9058,8.0178
8.1384,-4.8228,8.4148
7.8967,-4.7828,8.7248
7.6797,-4.7808,8.8978
7.5987,-4.8088,8.9698
7.5787,-4.8638,8.9288
7.6775,-4.9438,8.8058
7.8619,-5.0398,8.6058
8.1699,-5.1638,8.3588
8.5784,-5.2978,8.0828
9.1231,-5.4658,7.7978
9.7942,-5.6598,7.5258
10.596,-5.8948,7.2798
11.58,-6.1858,7.0618
12.739,-6.5448,6.8808
14.093,-6.9848,6.7358
15.653,-7.5178,6.6128
17.418,-8.1608,6.5188
19.389,-8.9118,6.4388
21.557,-9.7848,6.3608
23.905,-10.776,6.2768
26.399,-11.882,6.1798
29.005,-13.094,6.0628
31.675,-14.392,5.9218
34.381,-15.767,5.7598
37.077,-17.193,5.5748
39.721,-18.65,5.3768
42.278,-20.112,5.1688
44.717,-21.552,4.9648
47.012,-22.948,4.7778
49.151,-24.274,4.6248
51.095,-25.512,4.5198
52.851,-26.645,4.4748
54.405,-27.658,4.5038
55.755,-28.539,4.6168
56.901,-29.282,4.8118
57.842,-29.893,5.0988
58.587,-30.401,5.4868
59.23,-30.777,5.9488
59.646,-31.106,6.5048
60.052,-31.337,7.1168
60.35,-31.55,7.7918
60.62,-31.733,8.5128
60.845,-31.94,9.2698
61.104,-32.13,10.031
61.368,-32.353,10.804
61.601,-32.611,11.595
61.855,-32.854,12.372
62.058,-33.085,13.185
62.233,-33.341,13.531
62.398,-33.626,14.788
62.367,-33.65,15.58
62.467,-33.644,16.27
62.24,-33.657,17.162
61.912,-33.817,18.259
60.977,-33.501,19.312
60.552,-33.469,20.364
59.179,-32.989,21.54
58.411,-32.799,22.703
56.642,-32.207,23.986
55.511,-31.894,25.236
53.523,-31.234,26.548
52.115,-30.796,27.806
50.051,-30.141,29.071
48.425,-29.618,30.249
46.527,-28.972,31.367
44.871,-28.321,32.333
43.202,-27.723,33.26
41.667,-27.112,34.045
40.332,-26.499,34.697
38.955,-25.776,35.164
37.692,-25.09,35.52
36.809,-24.366,35.693
35.817,-23.671,35.775
34.992,-22.958,35.721
34.312,-22.237,35.537
33.601,-21.548,35.271
33.012,-20.845,34.897
32.453,-20.163,34.444
31.902,-19.501,33.926
31.363,-18.882,33.365
30.795,-18.274,32.747
30.354,-17.617,32.044
29.838,-17.011,31.332
29.389,-16.398,30.566
28.806,-15.855,29.809
28.462,-15.246,28.975
27.962,-14.753,28.197
27.452,-14.234,27.374
27.107,-13.723,26.536
26.611,-13.296,25.74
26.328,-12.841,24.91
25.854,-12.486,24.142
25.585,-12.118,23.364
25.209,-11.8,22.61
24.836,-11.525,21.884
24.471,-11.297,21.165
24.075,-11.089,20.465
23.671,-10.923,19.773
23.249,-10.783,19.086
22.811,-10.676,18.413
22.356,-10.584,17.736
21.889,-10.5,17.055
21.405,-10.436,16.4
20.929,-10.355,15.709
20.428,-10.281,15.065
19.942,-10.178,14.411
19.459,-10.056,13.788
18.985,-9.9018,13.189
18.515,-9.7208,12.631
18.054,-9.5038,12.114
17.603,-9.2478,11.64
17.154,-8.9738,11.226
16.708,-8.6838,10.872
16.278,-8.3808,10.568
15.871,-8.0788,10.317
15.504,-7.7918,10.116
15.198,-7.5388,9.9568
14.974,-7.3258,9.8458
14.851,-7.1688,9.7698
14.871,-7.0858,9.7228
15.047,-7.0898,9.6988
15.245,-7.1598,9.6898
15.792,-7.3678,9.7018
16.57,-7.6958,9.7148
17.566,-8.1438,9.7218
18.766,-8.7158,9.7198
20.174,-9.4268,9.6668
21.719,-10.235,9.6078
23.384,-11.142,9.5118
25.132,-12.145,9.3698
26.921,-13.222,9.1778
28.711,-14.355,8.9308
30.464,-15.523,8.6268
32.148,-16.704,8.2678
33.739,-17.879,7.8608
35.218,-19.029,7.4128
36.575,-20.133,6.9378
37.787,-21.183,6.4548
38.799,-22.132,5.9768
39.785,-23.022,5.4938
40.67,-23.836,5.0318
41.462,-24.569,4.5968
42.175,-25.228,4.1958
42.826,-25.813,3.8268
43.427,-26.33,3.4898
43.993,-26.785,3.1808
44.53,-27.193,2.8988
45.004,-27.541,2.6178
45.508,-27.869,2.3618
46.069,-28.183,2.1368
46.628,-28.488,1.9288
47.158,-28.779,1.6958
47.698,-29.076,1.4558
48.245,-29.394,1.2058
48.804,-29.725,0.93379
49.373,-30.079,0.63679
49.963,-30.461,0.29379
50.572,-30.873,-0.098213
51.201,-31.319,-0.54421
51.853,-31.8,-1.0562
52.532,-32.317,-1.6352
53.249,-32.863,-2.2892
53.997,-33.44,-3.0075
54.789,-34.043,-3.7843
55.613,-34.677,-4.5913
56.478,-35.329,-5.4159
57.388,-36.001,-6.2313
58.329,-36.677,-7.0213
59.343,-37.358,-7.7405
60.392,-38.031,-8.3799
61.476,-38.686,-8.9227
62.626,-39.316,-9.3425
63.796,-39.913,-9.6482
65.003,-40.472,-9.84
66.202,-40.982,-9.9528
67.43,-41.446,-9.9513
68.65,-41.862,-9.8816
69.859,-42.235,-9.7733
71.049,-42.574,-9.6607
72.237,-42.881,-9.538
73.36,-43.165,-9.5209
74.439,-43.43,-9.5963
75.469,-43.679,-9.7912
76.445,-43.912,-10.116
77.339,-44.129,-10.602
78.205,-44.335,-11.2
79.024,-44.527,-11.925
79.787,-44.701,-12.753
80.462,-44.835,-13.655
81.108,-44.956,-14.591
81.706,-45.049,-15.522
82.242,-45.094,-16.401
82.739,-45.099,-17.199
83.182,-45.05,-17.878
83.51,-44.901,-18.417
83.848,-44.714,-18.771
84.145,-44.452,-18.945
84.394,-44.098,-18.936
84.597,-43.678,-18.731
84.774,-43.09,-18.406
84.861,-42.457,-17.912
84.94,-41.711,-17.297
84.957,-40.803,-16.619
84.873,-39.753,-15.831
84.729,-38.581,-14.988
84.486,-37.222,-14.114
84.102,-35.691,-13.178
83.625,-34.024,-12.182
82.984,-32.136,-11.144
82.169,-30.073,-10.003
81.199,-27.871,-8.7433
80.002,-25.45,-7.3734
78.546,-22.865,-5.8202
76.846,-20.149,-4.0885
74.811,-17.223,-2.1912
72.384,-14.139,-0.077213
69.589,-10.934,2.2298
66.323,-7.5288,4.6618
62.551,-3.9928,7.2478
58.336,-0.37478,9.9188
53.578,3.4022,12.571
48.304,7.2482,15.211
42.623,11.138,17.73
36.564,15.028,20.081
30.148,18.948,22.141
23.545,22.794,23.934
16.787,26.614,25.29
10.05,30.304,26.294
3.3755,33.911,26.781
-3.0523,37.341,26.865
-9.2598,40.659,26.408
-14.969,43.773,25.491
-20.421,46.746,24.152
-25.164,49.49,22.404
-29.55,52.085,20.27
-33.331,54.461,17.781
-36.705,56.655,14.982
-39.497,58.569,12.028
-41.93,60.25,8.8958
-44.106,61.672,5.6018
-46.043,62.777,2.3718
-47.858,63.59,-0.77821
-49.504,64.059,-3.7766
-51.31,64.217,-6.5025
-52.879,64.162,-9.1795
-54.354,63.854,-11.376
-55.476,63.417,-13.521
-57.492,62.646,-15.019
-58.541,61.836,-16.481
-59.755,60.928,-17.581
-60.769,59.903,-18.395
-61.67,58.848,-19.017
-62.405,57.733,-19.311
-62.811,56.593,-19.494
-63.108,55.486,-19.416
-63.157,54.355,-19.232
-63.039,53.246,-18.904
-62.678,52.178,-18.531
-62.227,51.065,-18.007
-61.535,50.013,-17.484
-60.798,48.988,-16.898
-59.874,47.964,-16.351
-58.738,46.998,-15.808
-57.459,46.058,-15.282
-56.049,45.153,-14.779
-54.473,44.282,-14.297
-52.851,43.408,-13.864
-51.218,42.545,-13.432
-49.445,41.71,-13.01
-47.603,40.874,-12.621
-45.705,40.038,-12.248
-43.706,39.208,-11.893
-41.728,38.368,-11.559
-39.738,37.528,-11.224
-37.75,36.685,-10.896
-35.784,35.848,-10.576
-33.857,35.019,-10.259
-31.99,34.207,-9.9434
-30.196,33.406,-9.626
-28.498,32.632,-9.3016
-26.917,31.886,-8.9627
-25.47,31.169,-8.6065
-24.175,30.484,-8.2246
-23.048,29.829,-7.8105
-22.103,29.203,-7.3573
-21.351,28.603,-6.8597
-20.831,28.029,-6.3379
-20.448,27.466,-5.7428
-20.315,26.918,-5.0999
-20.317,26.374,-4.4218
-20.532,25.832,-3.706
-20.84,25.292,-2.982
-21.299,24.753,-2.2482
-21.795,24.212,-1.5222
-22.288,23.688,-0.85221
-22.757,23.171,-0.21521
-23.149,22.667,0.36879
-23.415,22.178,0.89279
-23.539,21.701,1.3538
-23.491,21.228,1.7558
-23.278,20.759,2.0998
-22.883,20.286,2.4048
-22.344,19.793,2.6718
-21.671,19.277,2.9158
-20.874,18.73,3.1628
-20.006,18.15,3.3948
-19.096,17.537,3.6488
-18.171,16.885,3.9318
-17.263,16.195,4.2508
-16.397,15.472,4.6128
-15.592,14.726,5.0088
-14.871,13.963,5.4468
-14.247,13.197,5.9128
-13.728,12.436,6.4048
-13.316,11.696,6.9108
-13.009,10.99,7.4218
-12.796,10.33,7.9228
-12.666,9.7392,8.3958
-12.603,9.2202,8.8358
-12.557,8.8082,9.2278
-12.596,8.4532,9.5638
-12.622,8.2082,9.8348
-12.665,8.0532,10.04
-12.685,7.9942,10.178
-12.695,8.0152,10.255
-12.681,8.1212,10.268
-12.653,8.2942,10.229
-12.608,8.5262,10.149
-12.56,8.8072,10.037
-12.511,9.1272,9.9048
-12.466,9.4792,9.7608
-12.433,9.8522,9.6188
-12.42,10.24,9.4878
-12.42,10.635,9.3748
-12.447,11.03,9.2898
-12.484,11.423,9.2308
-12.553,11.804,9.2098
-12.629,12.172,9.2198
-12.741,12.525,9.2588
-12.859,12.865,9.3138
-13.017,13.188,9.3868
-13.18,13.499,9.4588
-13.385,13.802,9.5218
-13.6,14.099,9.5598
-13.86,14.395,9.5638
-14.13,14.696,9.5238
-14.455,14.998,9.4338
-14.801,15.307,9.2908
-15.207,15.62,9.0928
-15.644,15.942,8.8428
-16.152,16.259,8.5478
-16.732,16.575,8.2128
-17.388,16.885,7.8488
-18.129,17.187,7.4668
-18.957,17.483,7.0768
-19.871,17.773,6.6918
-20.872,18.063,6.3208
-21.957,18.356,5.9708
-23.122,18.662,5.6518
-24.372,18.996,5.3618
-25.701,19.358,5.1098
-27.129,19.768,4.8828
-28.67,20.227,4.6808
-30.347,20.747,4.4888
-32.185,21.334,4.2918
-34.213,21.994,4.0738
-36.452,22.733,3.8178
-38.916,23.553,3.4938
-41.623,24.452,3.0968
-44.572,25.433,2.5978
-47.761,26.489,1.9798
-51.178,27.616,1.2178
-54.807,28.802,0.29079
-58.603,30.044,-0.80921
-62.59,31.312,-2.1602
-66.68,32.606,-3.7197
-70.842,33.912,-5.5232
-75.017,35.225,-7.5904
-79.153,36.535,-9.9184
-83.187,37.835,-12.503
-87.06,39.115,-15.327
-90.751,40.373,-18.37
-94.154,41.588,-21.587
-97.22,42.76,-24.922
-99.934,43.851,-28.347
-102.32,44.874,-31.783
-104.33,45.808,-35.18
-105.96,46.643,-38.484
-107.17,47.395,-41.654
-108.02,48.005,-44.621
-108.52,48.514,-47.371
-108.87,48.918,-49.877
-108.86,49.186,-52.069
-108.75,49.303,-53.986
-108.65,49.314,-55.605
-108.35,49.154,-56.893
-108.17,49.006,-57.92
-107.81,48.666,-58.617
-107.35,48.341,-59.105
-106.84,47.93,-59.319
-106.18,47.485,-59.301
-105.37,47.03,-59.07
-104.34,46.552,-58.606
-103.31,46.077,-57.957
-102.11,45.6,-57.123
-100.82,45.132,-56.12
-99.48,44.668,-54.968
-98.095,44.21,-53.685
-96.683,43.758,-52.29
-95.254,43.31,-50.798
-93.818,42.864,-49.223
-92.387,42.423,-47.591
-90.971,41.979,-45.912
-89.579,41.532,-44.207
-88.22,41.081,-42.495
-86.904,40.627,-40.794
-85.645,40.17,-39.121
-84.45,39.712,-37.487
-83.333,39.252,-35.911
-82.298,38.794,-34.399
-81.35,38.339,-32.954
-80.487,37.89,-31.572
-79.703,37.443,-30.238
-78.988,37.005,-28.948
-78.327,36.568,-27.677
-77.701,36.124,-26.403
-77.087,35.663,-25.107
-76.462,35.173,-23.759
-75.805,34.64,-22.345
-75.098,34.043,-20.862
-74.27,33.343,-19.231
-73.349,32.536,-17.492
-72.285,31.611,-15.643
-71.05,30.553,-13.682
-69.619,29.358,-11.625
-67.966,28.032,-9.4945
-66.076,26.586,-7.3211
-63.93,25.04,-5.141
-61.538,23.419,-2.9893
-58.912,21.749,-0.90621
-56.084,20.058,1.0788
-53.102,18.369,2.9338
-50.024,16.706,4.6308
-46.918,15.09,6.1468
-43.853,13.54,7.4638
-40.891,12.075,8.5738
-38.081,10.712,9.4738
-35.462,9.4612,10.173
-33.055,8.3292,10.683
-30.869,7.3212,11.027
-28.895,6.4322,11.229
-27.118,5.6542,11.318
-25.514,4.9772,11.324
-24.055,4.3882,11.275
-22.715,3.8732,11.197
-21.461,3.4182,11.113
-20.275,3.0142,11.041
-19.137,2.6542,10.988
-18.033,2.3382,10.96
-16.959,2.0682,10.954
-15.907,1.8452,10.967
-14.879,1.6822,10.982
-13.867,1.5862,10.993
-12.878,1.5662,10.987
-11.931,1.6262,10.964
-11.017,1.7692,10.914
-10.142,1.9952,10.843
-9.3132,2.3162,10.728
-8.5549,2.7162,10.605
-7.8664,3.2082,10.448
-7.2749,3.7802,10.302
-6.7894,4.4322,10.138
-6.442,5.1682,9.9998
-6.2176,5.9902,9.8968
-6.1735,6.8972,9.8198
-6.3079,7.8982,9.8068
-6.6034,9.0002,9.8628
-7.1207,10.199,9.9838
-7.8417,11.509,10.19
-8.7659,12.932,10.481
-9.8418,14.477,10.851
-11.145,16.121,11.296
-12.58,17.887,11.808
-14.214,19.728,12.367
-15.938,21.664,12.958
-17.713,23.684,13.555
-19.547,25.811,14.065
-21.343,28.056,14.502
-23.038,30.43,14.808
-24.494,32.943,14.926
-25.738,35.573,14.863
-26.784,38.35,14.513
-27.597,41.226,13.941
-28.175,44.201,13.104
-28.479,47.231,12.032
-28.69,50.298,10.67
-28.839,53.325,9.1168
-28.976,56.281,7.3958
-29.098,59.139,5.5438
-29.458,61.903,3.6308
-29.747,64.606,1.5488
-29.983,67.189,-0.59421
-30.363,69.66,-2.8512
-30.559,71.945,-5.1222
-30.912,74.131,-7.5022
-31.155,76.137,-9.8507
-31.477,77.973,-12.272
-31.661,79.667,-14.677
-31.802,81.171,-17.03
-32.057,82.5,-19.546
-32.093,83.615,-21.57
-32.413,84.694,-24.186
-32.808,85.635,-26.329
-33,86.297,-27.859
-33.773,87.043,-30.008
-34.387,87.556,-32.092
-35.437,88.026,-33.695
-36.468,88.398,-35.177
-37.262,88.685,-36.287
-38.719,88.834,-37.899
-39.775,88.942,-39.5
-41.282,88.882,-40.625
-42.398,88.83,-41.457
-43.955,88.611,-42.755
-45.267,88.306,-43.987
-46.764,87.957,-44.858
-48.091,87.51,-45.652
-49.638,86.993,-46.594
-51.137,86.407,-47.146
-52.736,85.743,-47.838
-54.374,84.988,-48.475
-56.07,84.205,-48.844
-57.747,83.356,-48.997
-59.544,82.432,-49.275
-61.383,81.526,-49.322
-63.074,80.441,-49.588
-64.941,79.45,-49.403
-66.684,78.25,-49.311
-68.339,77.174,-49.067
-70.081,76.033,-48.8
-71.747,74.915,-48.61
-73.439,73.781,-48.151
-75.001,72.687,-47.648
-76.675,71.573,-47.215
-78.324,70.473,-46.509
-79.846,69.431,-45.841
-81.442,68.355,-44.988
-83.027,67.3,-44.146
-84.528,66.27,-43.09
-86.043,65.222,-41.909
-87.465,64.186,-40.712
-88.801,63.173,-39.305
-90.038,62.146,-37.781
-91.171,61.122,-36.101
-92.127,60.12,-34.375
-92.898,59.135,-32.489
-93.57,58.121,-30.49
-94.063,57.101,-28.38
-94.395,56.062,-26.166
-94.569,54.994,-23.884
-94.604,53.883,-21.542
-94.502,52.727,-19.157
-94.208,51.544,-16.783
-93.804,50.324,-14.408
-93.171,49.117,-12.121
-92.377,47.922,-9.9139
-91.327,46.774,-7.8424
-90.107,45.644,-5.8777
-88.634,44.544,-4.0399
-87.011,43.42,-2.2772
-85.14,42.283,-0.59621
-83.136,41.078,1.0008
-80.954,39.818,2.5348
-78.616,38.492,4.0078
-76.086,37.13,5.4118
-73.427,35.712,6.7208
-70.587,34.261,7.9988
-67.621,32.772,9.1948
-64.535,31.257,10.313
-61.38,29.718,11.363
-58.172,28.153,12.349
-54.92,26.575,13.262
-51.707,24.989,14.109
-48.49,23.384,14.894
-45.33,21.79,15.582
-42.213,20.171,16.237
-39.182,18.586,16.77
-36.189,16.966,17.297
-33.213,15.394,17.703
-30.429,13.812,18.055
-27.585,12.235,18.337
-24.827,10.708,18.507
-22.017,9.1472,18.647
-19.184,7.6562,18.642
-16.514,6.1472,18.587
-13.763,4.6342,18.437
-11.036,3.1632,18.162
-8.4142,1.7062,17.793
-5.8118,0.21622,17.353
-3.2873,-1.2068,16.777
-0.92103,-2.6038,16.117
1.386,-4.0218,15.409
3.5323,-5.3828,14.614
5.5888,-6.6748,13.736
7.4826,-7.9108,12.81
9.2947,-9.1548,11.886
10.969,-10.319,10.911
12.574,-11.401,9.8958
14.048,-12.415,8.8678
15.455,-13.425,7.8738
16.749,-14.343,6.8588
17.976,-15.17,5.8428
19.075,-15.967,4.8778
20.088,-16.632,3.9058
20.99,-17.276,3.0298
21.764,-17.803,2.1808
22.422,-18.262,1.4078
22.957,-18.61,0.69679
23.385,-18.916,0.091787
23.68,-19.118,-0.44421
23.873,-19.263,-0.88421
23.961,-19.352,-1.2312
23.953,-19.403,-1.4862
23.859,-19.426,-1.6502
23.684,-19.429,-1.7262
23.438,-19.427,-1.7212
23.134,-19.425,-1.6432
22.769,-19.434,-1.4922
22.37,-19.437,-1.2832
21.927,-19.448,-1.0202
21.445,-19.461,-0.70321
20.935,-19.468,-0.34821
20.394,-19.459,0.038787
19.826,-19.435,0.45979
19.208,-19.355,0.88979
18.583,-19.261,1.3508
17.934,-19.129,1.8288
17.26,-18.956,2.3198
16.566,-18.739,2.8188
15.852,-18.478,3.3238
15.118,-18.174,3.8358
14.372,-17.833,4.3458
13.615,-17.459,4.8558
12.853,-17.056,5.3628
12.093,-16.633,5.8628
11.343,-16.195,6.3528
10.611,-15.75,6.8288
9.9083,-15.306,7.2838
9.2487,-14.861,7.7098
8.6766,-14.439,8.1118
8.1153,-14.022,8.4518
7.6476,-13.621,8.7318
7.2485,-13.238,8.9398
6.9545,-12.878,9.0648
6.7406,-12.542,9.0978
6.632,-12.219,9.0218
6.603,-11.917,8.8368
6.6644,-11.63,8.5378
6.7908,-11.35,8.1198
6.9847,-11.078,7.5908
7.2175,-10.806,6.9538
7.5001,-10.532,6.2188
7.8062,-10.273,5.4178
8.1282,-9.9868,4.5318
8.4614,-9.7038,3.6018
8.8076,-9.4158,2.6428
9.1694,-9.1458,1.6858
9.5243,-8.8588,0.70779
9.8909,-8.6188,-0.22421
10.246,-8.3778,-1.1282
10.624,-8.2068,-1.9662
11.008,-8.0498,-2.7542
11.401,-7.9428,-3.4617
11.794,-7.8538,-4.1431
12.218,-7.8278,-4.7511
12.651,-7.8218,-5.3074
13.132,-7.8928,-5.7907
13.63,-7.9838,-6.2417
14.136,-8.1168,-6.612
14.688,-8.3208,-6.9379
15.236,-8.5298,-7.2356
15.829,-8.8148,-7.4892
16.447,-9.1068,-7.7361
17.046,-9.4468,-7.9424
17.669,-9.8198,-8.1422
18.305,-10.238,-8.3336
18.945,-10.688,-8.5167
19.587,-11.181,-8.6991
20.236,-11.713,-8.8766
20.886,-12.285,-9.0486
21.535,-12.892,-9.2118
22.178,-13.531,-9.3588
22.817,-14.195,-9.4848
23.452,-14.873,-9.5865
24.074,-15.547,-9.6561
24.67,-16.217,-9.6902
25.237,-16.868,-9.6822
25.768,-17.483,-9.64
26.267,-18.066,-9.5245
26.675,-18.577,-9.4039
27.012,-19.017,-9.2548
27.271,-19.381,-9.0835
27.451,-19.665,-8.9004
27.57,-19.86,-8.714
27.591,-19.984,-8.5379
27.545,-20.027,-8.3882
27.44,-20.001,-8.2628
27.294,-19.912,-8.179
27.126,-19.766,-8.14
26.952,-19.58,-8.1519
26.793,-19.365,-8.2176
26.662,-19.137,-8.3352
26.578,-18.911,-8.5048
26.549,-18.708,-8.714
26.585,-18.537,-8.9591
26.691,-18.417,-9.2214
26.869,-18.355,-9.4901
27.117,-18.358,-9.7499
27.428,-18.429,-9.9853
27.792,-18.562,-10.183
28.2,-18.756,-10.334
28.634,-18.998,-10.428
29.088,-19.277,-10.464
29.542,-19.582,-10.44
29.988,-19.897,-10.361
30.418,-20.21,-10.237
30.825,-20.515,-10.072
31.209,-20.791,-9.8871
31.571,-21.041,-9.6906
31.918,-21.253,-9.5014
32.255,-21.433,-9.3237
32.59,-21.568,-9.1793
32.931,-21.682,-9.0402
33.286,-21.76,-8.9412
33.661,-21.818,-8.8604
34.059,-21.853,-8.7961
34.466,-21.864,-8.742
34.88,-21.856,-8.6812
35.297,-21.841,-8.6212
35.703,-21.817,-8.5429
36.08,-21.781,-8.4483
36.426,-21.746,-8.3242
36.712,-21.696,-8.179
36.965,-21.648,-8.0211
37.124,-21.585,-7.8147
37.258,-21.513,-7.627
37.288,-21.426,-7.3825
37.328,-21.32,-7.1926
37.266,-21.197,-6.9439
37.221,-21.044,-6.7522
37.113,-20.875,-6.5242
37.007,-20.658,-6.342
36.808,-20.433,-6.0741
36.687,-20.162,-5.9033
36.455,-19.877,-5.6281
36.295,-19.547,-5.4352
36.024,-19.21,-5.1302
35.818,-18.836,-4.8952
35.509,-18.462,-4.5541
35.25,-18.063,-4.2704
34.915,-17.672,-3.9073
34.579,-17.278,-3.5568
34.151,-16.91,-3.1113
33.791,-16.546,-2.7422
33.322,-16.223,-2.2722
32.903,-15.922,-1.8582
32.428,-15.678,-1.3822
31.957,-15.448,-0.94721
31.45,-15.293,-0.45321
30.977,-15.145,-0.027213
30.445,-15.063,0.46379
29.989,-15.006,0.87379
29.501,-15,1.3178
29.048,-14.98,1.6938
28.574,-15.008,2.0908
28.151,-15.014,2.4228
27.697,-15.037,2.7588
27.313,-15.035,3.0488
26.917,-15.022,3.3308
26.531,-14.99,3.5748
26.142,-14.928,3.7838
25.743,-14.844,3.9608
25.328,-14.74,4.1078
24.904,-14.622,4.2248
24.471,-14.493,4.3198
24.034,-14.362,4.3998
23.593,-14.247,4.4748
23.161,-14.117,4.5098
22.758,-14.011,4.5848
22.363,-13.919,4.6698
21.995,-13.842,4.7648
21.656,-13.774,4.8678
21.345,-13.729,4.9998
21.065,-13.673,5.1108
20.83,-13.672,5.2488
20.618,-13.682,5.3808
20.455,-13.653,5.4658
20.356,-13.713,5.5738
20.283,-13.756,5.6338
20.286,-13.859,5.6788
20.302,-13.97,5.6748
20.375,-14.061,5.6028
20.534,-14.257,5.5458
20.624,-14.4,5.4058
20.782,-14.55,5.2238
20.939,-14.764,5.0598
21.096,-14.897,4.8358
21.274,-15.098,4.6798
21.437,-15.213,4.5208
21.481,-15.318,4.3598
21.567,-15.385,4.2588
21.577,-15.441,4.1898
21.613,-15.443,4.1608
21.6,-15.464,4.1518
